373	535	394	265	373	535	397	165
212	582	243	320	212	582	240	223
403	361	424	89	380	501	401	132
362	534	384	265	328	569	350	201
163	479	166	380	394	265	373	535
163	479	166	380	424	89	403	361
109	413	109	319	384	265	362	534
351	409	349	311	384	265	362	534
166	380	163	479	397	165	373	535
166	380	163	479	240	223	212	582
109	319	109	413	401	132	380	501
349	311	351	409	350	201	328	569
400	508	375	222	383	96	386	342
348	430	323	144	260	176	264	417
348	430	323	144	425	193	435	441
159	488	142	212	381	182	388	426
375	222	400	508	408	170	309	52
323	144	348	430	350	126	139	445
323	144	348	430	245	126	196	416
226	125	251	405	232	60	261	602

2	3
3	1
2	1
5	3
4	3